[9.24142169e+18 3.60993035e+16 1.41012904e+14 5.50848566e+11
 6.48047206e+09 1.10817760e+12 2.83691315e+14 7.26249767e+16
 4.62071084e+18 9.24142169e+18 3.60993035e+16 1.41017233e+14
 1.65900085e+12 2.83693467e+14 7.26249767e+16 1.45249953e+17
 2.31035542e+18 4.62071084e+18 9.24142169e+18 3.61004116e+16
 4.24704217e+14 7.26255275e+16 1.45249955e+17 2.90499907e+17
 1.15517771e+18 2.31035543e+18 4.62071195e+18 9.24170538e+18
 1.08724280e+17 1.45390965e+17 2.90500455e+17 5.80999811e+17
 5.77588851e+17 1.15517880e+18 2.31063908e+18 4.69333575e+18
 9.38667150e+18 3.26598935e+17 5.81140276e+17 1.16199907e+18
 2.88793335e+17 5.77868149e+17 1.22779389e+18 2.45558778e+18
 4.91117557e+18 9.82235113e+18 1.19795819e+18 2.32385768e+18
 1.44117404e+17 3.60293502e+17 7.20587009e+17 1.44117402e+18
 2.88234804e+18 5.76469607e+18 1.15293910e+19 4.61175652e+18
 5.67382630e+14 1.41624024e+15 2.83357999e+15 5.66716425e+15
 1.13343242e+16 2.26675489e+16 4.50536229e+16 1.80496517e+16]