[0.00000000e+00 0.00000000e+00 0.00000000e+00 0.00000000e+00
 0.00000000e+00 0.00000000e+00 0.00000000e+00 0.00000000e+00
 3.00000000e+00 7.00000000e+00 1.40000000e+01 2.80000000e+01
 5.60000000e+01 1.12000000e+02 2.24000000e+02 1.92000000e+02
 7.68000000e+02 1.79200000e+03 3.58400000e+03 7.16800000e+03
 1.43360000e+04 2.86720000e+04 5.73440000e+04 4.91520000e+04
 1.96608000e+05 4.58752000e+05 9.17504000e+05 1.83500800e+06
 3.67001600e+06 7.34003200e+06 1.46800640e+07 1.25829120e+07
 5.03316480e+07 1.17440512e+08 2.34881024e+08 4.69762048e+08
 9.39524096e+08 1.87904819e+09 3.75809638e+09 3.22122547e+09
 1.28849019e+10 3.00647711e+10 6.01295421e+10 1.20259084e+11
 2.40518169e+11 4.81036337e+11 9.62072674e+11 8.24633721e+11
 3.29853488e+12 7.69658139e+12 1.53931628e+13 3.07863256e+13
 6.15726512e+13 1.23145302e+14 2.46290605e+14 2.11106233e+14
 8.44424930e+14 1.97032484e+15 3.94064967e+15 7.88129935e+15
 1.57625987e+16 3.15251974e+16 6.30503948e+16 5.40431955e+16]