[7.70000000e+02 1.79700000e+03 3.59400000e+03 7.18800000e+03
 1.43760000e+04 2.87520000e+04 5.75040000e+04 4.92160000e+04
 1.97123000e+05 4.60039000e+05 9.20078000e+05 1.84015600e+06
 3.68031200e+06 7.36062400e+06 1.47212480e+07 1.25994880e+07
 5.04634880e+07 1.17769984e+08 2.35539968e+08 4.71079936e+08
 9.42159872e+08 1.88431974e+09 3.76863949e+09 3.22546893e+09
 1.29186529e+10 3.01491159e+10 6.02982318e+10 1.20596464e+11
 2.41192927e+11 4.82385854e+11 9.64771709e+11 8.25720046e+11
 3.30717515e+12 7.71817367e+12 1.54363473e+13 3.08726947e+13
 6.17453894e+13 1.23490779e+14 2.46981557e+14 2.11384332e+14
 8.46636838e+14 1.97585246e+15 3.95170492e+15 7.90340984e+15
 1.58068197e+16 3.16136394e+16 6.32272787e+16 5.41143889e+16
 2.16739031e+17 5.05818230e+17 1.01163646e+18 2.02327292e+18
 4.04654584e+18 8.09309168e+18 1.61861834e+19 1.38532836e+19
 1.44959613e+17 3.62258295e+17 7.24516590e+17 1.44903318e+18
 2.89806636e+18 5.79613272e+18 1.15922654e+19 4.66572921e+18]