[1.32096000e+05 3.29728000e+05 6.59712000e+05 1.31942400e+06
 2.63884800e+06 5.27769600e+06 1.04898560e+07 4.20249600e+06
 3.38165800e+07 8.44103760e+07 1.68886289e+08 3.37772578e+08
 6.75545156e+08 1.35109031e+09 2.68540315e+09 1.07583901e+09
 8.65704448e+09 2.16090563e+10 4.32348900e+10 8.64697800e+10
 1.72939560e+11 3.45879120e+11 6.87463207e+11 2.75414786e+11
 2.21620339e+12 5.53191840e+12 1.10681318e+13 2.21362637e+13
 4.42725274e+13 8.85450547e+13 1.75990581e+14 7.05061852e+13
 5.67348067e+14 1.41617111e+15 2.83344175e+15 5.66688350e+15
 1.13337670e+16 2.26675340e+16 4.50535887e+16 1.80495834e+16
 1.45241105e+17 3.62539804e+17 7.25361088e+17 1.45072218e+18
 2.90144435e+18 5.80288871e+18 1.15337187e+19 4.62069336e+18
 2.88234783e+17 5.76469570e+17 1.22499783e+18 2.44999567e+18
 4.89999133e+18 9.79998267e+18 1.15293978e+18 2.30587847e+18
 1.12809893e+15 2.25729737e+15 4.79606972e+15 9.59213944e+15
 1.91842789e+16 3.83685578e+16 4.67952149e+15 9.07756800e+15]