[7.23401728e+16 1.44680346e+17 2.89360691e+17 5.78721383e+17
 1.15744277e+18 2.31488553e+18 4.62977106e+18 9.25954212e+18
 7.23401728e+16 1.44680346e+17 2.89360691e+17 5.78721383e+17
 1.15744277e+18 2.31488553e+18 4.62977106e+18 9.25954212e+18
 7.23401729e+16 1.44680346e+17 2.89360691e+17 5.78721383e+17
 1.15744277e+18 2.31488553e+18 4.62977106e+18 9.25954212e+18
 7.23401771e+16 1.44680350e+17 2.89360695e+17 5.78721387e+17
 1.15744277e+18 2.31488553e+18 4.62977106e+18 9.25954212e+18
 7.23412595e+16 1.44681424e+17 2.89361752e+17 5.78722409e+17
 1.15744372e+18 2.31488635e+18 4.62977161e+18 9.25954212e+18
 7.26183493e+16 1.44956323e+17 2.89632271e+17 5.78984166e+17
 1.15768796e+18 2.31509554e+18 4.62991070e+18 9.25954102e+18
 1.43553342e+17 2.15330565e+17 3.58885011e+17 6.45993902e+17
 1.22021169e+18 2.36864725e+18 4.66551838e+18 9.25926065e+18
 1.83029115e+19 1.82311364e+19 1.80875864e+19 1.78004864e+19
 1.72262862e+19 1.60778860e+19 1.37810855e+19 9.18748453e+18]